0.346006,0.232561,0.113445,14875551.2873
0.275743,0.151612,0.124131,11591708.4163
0.311691,0.117054,0.194637,11324511.0169
0.255633,0.117419,0.138214,16910417.3676
0.264304,0.149661,0.114643,15370151.2327
0.286408,0.110039,0.176369,15224902.3357
0.268172,0.109575,0.158597,15461755.938
0.294795,0.143023,0.151772,12467245.6408
0.454587,0.116397,0.33819,13783976.8608
0.294895,0.106747,0.188148,15529096.4996
0.277675,0.108222,0.169453,12578900.9795
0.265074,0.112421,0.152653,15677052.4138
0.362535,0.113786,0.248749,13104763.3664
0.259231,0.114147,0.145084,13171228.4377
0.39264,0.123507,0.269133,14914914.6653
0.283537,0.111085,0.172452,13431969.3071
0.385553,0.208243,0.17731,10699984.3516
0.280616,0.16726,0.113356,14184801.2577
0.261957,0.148006,0.113951,12401163.3854
0.276242,0.115349,0.160893,13568768.341
