0.326464,0.118249,0.208215,12522658.4027
0.386128,0.271541,0.114587,12301717.7758
0.366587,0.251097,0.11549,13650960.8913
0.367202,0.250965,0.116237,15818004.501
0.415566,0.196748,0.218818,15116919.3731
0.437983,0.1856,0.252383,11790338.445
0.400045,0.155817,0.244228,11732632.6181
0.478373,0.358366,0.120007,14432083.9875
0.509503,0.120378,0.389125,13783976.8608
0.321352,0.129255,0.192097,11924835.5118
0.387783,0.27114,0.116643,12680060.4674
0.418848,0.116513,0.302335,14348754.3856
0.37953,0.117788,0.261742,13104763.3664
0.557653,0.118445,0.439208,12240363.7459
0.406336,0.126487,0.279849,13039430.696
0.410229,0.226867,0.183362,13493884.4402
0.63474,0.129044,0.505696,12285813.794
0.488712,0.111329,0.377383,14344735.1787
0.359172,0.116563,0.242609,14305514.0677
0.415804,0.295703,0.120101,11477504.1446
